dataset;method;SA;MRE;Runtime
Finnish;1;0.868284;0.410648;0.085882
Finnish;2;0.458276;0.576881;0.087399
Finnish;3;0.761846;0.294777;6.536655
Finnish;1;1.208512;0.041519;0.049052
Finnish;2;0.741935;0.388399;0.051671
Finnish;3;0.695862;0.213407;6.636555
Finnish;1;0.488771;0.531145;0.030703
Finnish;2;0.723535;0.109463;0.032194
Finnish;3;0.605690;0.377471;6.963156
Finnish;1;0.868284;0.396533;0.030658
Finnish;2;0.458276;0.540400;0.031854
Finnish;3;0.637774;0.273869;6.403063
Finnish;1;1.208512;0.042835;0.029729
Finnish;2;0.741935;0.381573;0.030901
Finnish;3;0.815411;-0.038858;6.546634
Finnish;1;0.488771;0.514872;0.029303
Finnish;2;0.723535;0.194885;0.030481
Finnish;3;0.587833;0.375160;6.937642
Finnish;1;0.868284;0.415119;0.030763
Finnish;2;0.458276;0.567411;0.032043
Finnish;3;0.476739;0.534337;6.624897
Finnish;1;1.208512;0.041035;0.029489
Finnish;2;0.741935;0.369196;0.030659
Finnish;3;0.909556;0.072537;6.531088
Finnish;1;0.488771;0.510135;0.029118
Finnish;2;0.723535;0.197216;0.030259
Finnish;3;0.581365;0.404034;6.517135
Finnish;1;0.868284;0.435987;0.029226
Finnish;2;0.458276;0.565234;0.030377
Finnish;3;0.582570;0.534784;6.444353
Finnish;1;1.208512;0.018924;0.029369
Finnish;2;0.741935;0.379940;0.030546
Finnish;3;0.511125;0.518457;6.439536
Finnish;1;0.488771;0.557443;0.030572
Finnish;2;0.723535;0.167221;0.031859
Finnish;3;0.587512;0.375428;6.723777
Finnish;1;0.868284;0.429372;0.029374
Finnish;2;0.458276;0.540634;0.030554
Finnish;3;0.412526;0.456233;6.749272
Finnish;1;1.208512;0.031802;0.029426
Finnish;2;0.741935;0.412149;0.030590
Finnish;3;0.476842;0.532632;6.392169
Finnish;1;0.488771;0.537121;0.029101
Finnish;2;0.723535;0.139075;0.030256
Finnish;3;0.527345;0.513561;6.594600
Finnish;1;0.868284;0.407785;0.029609
Finnish;2;0.458276;0.551491;0.030793
Finnish;3;0.604795;0.265988;6.604462
Finnish;1;1.208512;0.047667;0.029339
Finnish;2;0.741935;0.401676;0.030504
Finnish;3;1.015614;0.122781;6.373295
Finnish;1;0.488771;0.542217;0.029120
Finnish;2;0.723535;0.139200;0.030267
Finnish;3;0.438334;0.494859;6.688360
Finnish;1;0.868284;0.395467;0.029298
Finnish;2;0.458276;0.565880;0.030462
Finnish;3;0.477507;0.474172;6.458510
Finnish;1;1.208512;0.024941;0.029457
Finnish;2;0.741935;0.395869;0.030601
Finnish;3;0.964820;0.117220;6.437433
Finnish;1;0.488771;0.545529;0.030659
Finnish;2;0.723535;0.134624;0.031932
Finnish;3;0.563185;0.608013;6.811549
Finnish;1;0.868284;0.392932;0.029752
Finnish;2;0.458276;0.563917;0.030908
Finnish;3;0.586392;0.274697;6.666700
Finnish;1;1.208512;0.005221;0.029405
Finnish;2;0.741935;0.393072;0.030567
Finnish;3;0.538936;0.352838;6.676286
Finnish;1;0.488771;0.524334;0.029205
Finnish;2;0.723535;0.183163;0.030364
Finnish;3;0.827722;0.159584;6.616199
Finnish;1;0.868284;0.382695;0.029441
Finnish;2;0.458276;0.559062;0.030612
Finnish;3;0.873293;0.490206;6.580431
Finnish;1;1.208512;0.010994;0.036348
Finnish;2;0.741935;0.380941;0.037546
Finnish;3;0.596570;0.510790;6.462655
Finnish;1;0.488771;0.533966;0.030296
Finnish;2;0.723535;0.207256;0.031534
Finnish;3;0.642095;0.436486;6.606631
Finnish;1;0.868284;0.406958;0.029634
Finnish;2;0.458276;0.562315;0.030814
Finnish;3;0.531777;0.518548;6.640609
Finnish;1;1.208512;-0.017956;0.029375
Finnish;2;0.741935;0.387891;0.030527
Finnish;3;0.494502;0.537880;6.293700
Finnish;1;0.488771;0.549503;0.030827
Finnish;2;0.723535;0.173200;0.032138
Finnish;3;0.625382;0.336863;6.768674
Finnish;1;0.868284;0.401460;0.042659
Finnish;2;0.458276;0.573834;0.044822
Finnish;3;0.586492;0.540752;6.502599
Finnish;1;1.208512;0.042711;0.030007
Finnish;2;0.741935;0.369594;0.031255
Finnish;3;0.522071;0.524754;6.608718
Finnish;1;0.488771;0.543973;0.029319
Finnish;2;0.723535;0.164822;0.030572
Finnish;3;0.561655;0.349587;6.844883
Finnish;1;0.868284;0.379519;0.029785
Finnish;2;0.458276;0.580488;0.030984
Finnish;3;0.588270;0.537384;6.431400
Finnish;1;1.208512;0.009587;0.029525
Finnish;2;0.741935;0.391966;0.030698
Finnish;3;0.408024;0.446666;6.534990
Finnish;1;0.488771;0.536984;0.029197
Finnish;2;0.723535;0.142335;0.030356
Finnish;3;0.610345;0.351378;6.677755
Finnish;1;0.868284;0.405997;0.029622
Finnish;2;0.458276;0.557771;0.030799
Finnish;3;0.620631;0.283648;6.581457
Finnish;1;1.208512;0.039681;0.029407
Finnish;2;0.741935;0.360692;0.030560
Finnish;3;0.767685;0.207660;6.636764
Finnish;1;0.488771;0.529508;0.029811
Finnish;2;0.723535;0.139080;0.031018
Finnish;3;0.633601;0.346117;6.766486
Finnish;1;0.868284;0.396429;0.029261
Finnish;2;0.458276;0.542580;0.030412
Finnish;3;0.764154;0.303837;6.592188
Finnish;1;1.208512;0.032169;0.057232
Finnish;2;0.741935;0.404116;0.058440
Finnish;3;0.891005;-0.092993;6.552986
Finnish;1;0.488771;0.531595;0.029344
Finnish;2;0.723535;0.138292;0.030523
Finnish;3;0.622032;0.406506;6.897175
Finnish;1;0.868284;0.413455;0.029628
Finnish;2;0.458276;0.553398;0.030832
Finnish;3;0.609743;0.246181;6.736000
Finnish;1;1.208512;-0.004473;0.029877
Finnish;2;0.741935;0.385582;0.031068
Finnish;3;0.422419;0.476195;6.611307
Finnish;1;0.488771;0.518169;0.029185
Finnish;2;0.723535;0.193141;0.030346
Finnish;3;0.549905;0.342946;6.890648
Finnish;1;0.868284;0.378405;0.029266
Finnish;2;0.458276;0.561451;0.030413
Finnish;3;0.628228;0.268457;6.724080
Finnish;1;1.208512;0.028323;0.029342
Finnish;2;0.741935;0.388381;0.030515
Finnish;3;0.617740;0.367855;6.592335
Finnish;1;0.488771;0.547946;0.031538
Finnish;2;0.723535;0.121805;0.033039
Finnish;3;0.603243;0.312733;6.761049
Finnish;1;0.868284;0.391687;0.029551
Finnish;2;0.458276;0.557302;0.030755
Finnish;3;0.537652;0.526936;6.588752
Finnish;1;1.208512;0.021997;0.029452
Finnish;2;0.741935;0.394617;0.030613
Finnish;3;0.548823;0.528194;6.573649
Finnish;1;0.488771;0.522481;0.036304
Finnish;2;0.723535;0.185226;0.037514
Finnish;3;0.601810;0.346632;6.858263
Finnish;1;0.868284;0.379177;0.029741
Finnish;2;0.458276;0.560147;0.031063
Finnish;3;0.599078;0.511732;6.712310
Finnish;1;1.208512;0.022821;0.029667
Finnish;2;0.741935;0.375252;0.030836
Finnish;3;0.404560;0.461493;6.589670
Finnish;1;0.488771;0.542411;0.029548
Finnish;2;0.723535;0.159307;0.030707
Finnish;3;0.514612;0.348223;6.553214
Finnish;1;0.868284;0.411413;0.029690
Finnish;2;0.458276;0.570861;0.030848
Finnish;3;0.588953;0.420642;6.855655
Finnish;1;1.208512;0.055382;0.029369
Finnish;2;0.741935;0.391568;0.030521
Finnish;3;0.600067;0.326854;6.315203
Finnish;1;0.488771;0.531436;0.030010
Finnish;2;0.723535;0.179132;0.031252
Finnish;3;0.587440;0.352725;6.787203
Finnish;1;0.868284;0.370453;0.035224
Finnish;2;0.458276;0.556748;0.036874
Finnish;3;0.765016;0.259630;6.423966
Finnish;1;1.208512;0.033615;0.029818
Finnish;2;0.741935;0.372729;0.031040
Finnish;3;0.536622;0.343221;6.568909
Finnish;1;0.488771;0.529575;0.029271
Finnish;2;0.723535;0.187744;0.030428
Finnish;3;0.563646;0.354555;6.919205
Miyazaki;1;0.422441;0.412455;0.081375
Miyazaki;2;0.534687;0.589498;0.083421
Miyazaki;3;0.744141;0.559419;8.901141
Miyazaki;1;0.393427;0.159970;0.025978
Miyazaki;2;0.235669;0.238537;0.027477
Miyazaki;3;0.435152;0.325829;8.306700
Miyazaki;1;2.045292;-0.410760;0.023180
Miyazaki;2;0.041916;0.869738;0.024412
Miyazaki;3;0.989013;0.469170;8.546049
Miyazaki;1;1.754349;-0.554637;0.034370
Miyazaki;2;0.395652;0.586654;0.036662
Miyazaki;3;0.760131;0.376862;8.456429
Miyazaki;1;1.022342;0.488478;0.023625
Miyazaki;2;0.624324;0.628694;0.024883
Miyazaki;3;0.621161;0.687412;8.448828
Miyazaki;1;1.578080;0.024464;0.023479
Miyazaki;2;0.308333;0.752790;0.024758
Miyazaki;3;0.310828;0.744932;8.901736
Miyazaki;1;2.211922;0.052260;0.023254
Miyazaki;2;0.587601;0.376971;0.024491
Miyazaki;3;0.444664;0.368050;8.444418
Miyazaki;1;2.581928;0.442584;0.023524
Miyazaki;2;0.470588;0.773331;0.024760
Miyazaki;3;0.520343;0.763676;8.802306
Miyazaki;1;1.288894;-0.183003;0.023092
Miyazaki;2;0.832518;0.318545;0.024321
Miyazaki;3;0.274804;0.666023;8.614382
Miyazaki;1;1.129994;0.520725;0.023478
Miyazaki;2;0.928008;0.671458;0.024736
Miyazaki;3;1.233456;0.689589;8.783322
Miyazaki;1;0.422441;0.450004;0.023228
Miyazaki;2;0.534687;0.564317;0.024494
Miyazaki;3;0.614161;0.634046;8.517047
Miyazaki;1;0.393427;0.299188;0.023109
Miyazaki;2;0.235669;0.256814;0.024348
Miyazaki;3;0.173693;0.804876;8.372105
Miyazaki;1;2.045292;-0.384352;0.023475
Miyazaki;2;0.041916;0.866859;0.024732
Miyazaki;3;0.781717;0.456051;8.489740
Miyazaki;1;1.754349;-0.382287;0.023527
Miyazaki;2;0.395652;0.540450;0.024765
Miyazaki;3;0.317203;0.168791;8.594136
Miyazaki;1;1.022342;0.463624;0.023123
Miyazaki;2;0.624324;0.646600;0.024366
Miyazaki;3;0.534021;0.765554;8.584136
Miyazaki;1;1.578080;0.094609;0.023278
Miyazaki;2;0.308333;0.768265;0.024514
Miyazaki;3;0.469269;0.683416;8.305220
Miyazaki;1;2.211922;0.256140;0.023475
Miyazaki;2;0.587601;0.462685;0.024759
Miyazaki;3;0.509923;0.540223;8.687333
Miyazaki;1;2.581928;0.272491;0.023090
Miyazaki;2;0.470588;0.766936;0.024307
Miyazaki;3;0.358978;0.711180;8.501761
Miyazaki;1;1.288894;-0.185412;0.023439
Miyazaki;2;0.832518;0.341120;0.024661
Miyazaki;3;0.760386;0.498455;8.637612
Miyazaki;1;1.129994;0.623900;0.023348
Miyazaki;2;0.928008;0.731290;0.024596
Miyazaki;3;0.477309;0.600743;8.877070
Miyazaki;1;0.422441;0.453154;0.023240
Miyazaki;2;0.534687;0.629573;0.024477
Miyazaki;3;0.173261;0.696128;8.660136
Miyazaki;1;0.393427;0.274996;0.023072
Miyazaki;2;0.235669;0.261739;0.024301
Miyazaki;3;0.695380;0.280591;8.630426
Miyazaki;1;2.045292;-0.336132;0.023288
Miyazaki;2;0.041916;0.881901;0.024535
Miyazaki;3;0.959534;0.489540;8.708760
Miyazaki;1;1.754349;-0.820516;0.024291
Miyazaki;2;0.395652;0.622817;0.025641
Miyazaki;3;0.500232;0.565522;9.009097
Miyazaki;1;1.022342;0.529128;0.023204
Miyazaki;2;0.624324;0.686009;0.024446
Miyazaki;3;1.563862;0.230821;8.690481
Miyazaki;1;1.578080;0.210081;0.023325
Miyazaki;2;0.308333;0.788082;0.024584
Miyazaki;3;0.505833;0.595693;8.790536
Miyazaki;1;2.211922;0.179205;0.023306
Miyazaki;2;0.587601;0.459230;0.024531
Miyazaki;3;0.386248;0.410878;8.467071
Miyazaki;1;2.581928;0.280589;0.023132
Miyazaki;2;0.470588;0.753682;0.024361
Miyazaki;3;0.485470;0.715518;8.814256
Miyazaki;1;1.288894;-0.172451;0.023629
Miyazaki;2;0.832518;0.505046;0.024867
Miyazaki;3;0.764673;0.439271;8.800355
Miyazaki;1;1.129994;0.583751;0.023507
Miyazaki;2;0.928008;0.697541;0.024734
Miyazaki;3;0.650157;0.673073;8.808331
Miyazaki;1;0.422441;0.490832;0.024753
Miyazaki;2;0.534687;0.631466;0.026057
Miyazaki;3;0.714342;0.523470;8.899621
Miyazaki;1;0.393427;0.231860;0.023567
Miyazaki;2;0.235669;0.173138;0.024831
Miyazaki;3;0.496334;0.195258;8.860704
Miyazaki;1;2.045292;-0.427892;0.023443
Miyazaki;2;0.041916;0.877623;0.024707
Miyazaki;3;0.351777;0.671027;8.629663
Miyazaki;1;1.754349;-0.579408;0.023224
Miyazaki;2;0.395652;0.640381;0.024458
Miyazaki;3;0.541502;0.543515;8.653851
Miyazaki;1;1.022342;0.433544;0.023330
Miyazaki;2;0.624324;0.597542;0.024596
Miyazaki;3;0.612334;0.672139;8.745678
Miyazaki;1;1.578080;0.201785;0.023188
Miyazaki;2;0.308333;0.746078;0.024415
Miyazaki;3;0.565226;0.627917;8.502362
Miyazaki;1;2.211922;0.177240;0.032068
Miyazaki;2;0.587601;0.376512;0.034269
Miyazaki;3;0.488026;0.503011;8.405504
Miyazaki;1;2.581928;0.375174;0.023341
Miyazaki;2;0.470588;0.753472;0.024578
Miyazaki;3;0.448501;0.714865;8.946194
Miyazaki;1;1.288894;-0.010521;0.023264
Miyazaki;2;0.832518;0.280550;0.024500
Miyazaki;3;0.240401;0.711903;8.957449
Miyazaki;1;1.129994;0.627052;0.023340
Miyazaki;2;0.928008;0.749283;0.024590
Miyazaki;3;1.332586;0.311412;8.896410
Miyazaki;1;0.422441;0.392188;0.023143
Miyazaki;2;0.534687;0.609947;0.024372
Miyazaki;3;0.610789;0.635681;8.586705
Miyazaki;1;0.393427;0.272482;0.023030
Miyazaki;2;0.235669;0.191852;0.024226
Miyazaki;3;0.694870;0.106195;8.668199
Miyazaki;1;2.045292;-0.290317;0.023030
Miyazaki;2;0.041916;0.874725;0.024262
Miyazaki;3;0.695557;0.655192;8.800216
Miyazaki;1;1.754349;-0.524609;0.023567
Miyazaki;2;0.395652;0.608522;0.024882
Miyazaki;3;0.477067;0.590163;8.841114
Miyazaki;1;1.022342;0.481247;0.023432
Miyazaki;2;0.624324;0.629358;0.024690
Miyazaki;3;0.345652;0.745396;8.597918
Miyazaki;1;1.578080;0.061530;0.023356
Miyazaki;2;0.308333;0.738187;0.024591
Miyazaki;3;0.651371;0.576255;8.656866
Miyazaki;1;2.211922;0.204832;0.023272
Miyazaki;2;0.587601;0.380163;0.024512
Miyazaki;3;0.408575;0.874625;8.723927
Miyazaki;1;2.581928;0.384280;0.023052
Miyazaki;2;0.470588;0.771086;0.024287
Miyazaki;3;0.370387;0.814304;8.789838
Miyazaki;1;1.288894;-0.184278;0.023097
Miyazaki;2;0.832518;0.376715;0.024332
Miyazaki;3;0.808275;0.399087;8.910208
Miyazaki;1;1.129994;0.648847;0.022997
Miyazaki;2;0.928008;0.693862;0.024211
Miyazaki;3;1.346748;0.413001;8.846627
Miyazaki;1;0.422441;0.520768;0.023626
Miyazaki;2;0.534687;0.671076;0.024889
Miyazaki;3;0.445678;0.728807;8.211003
Miyazaki;1;0.393427;0.288307;0.023108
Miyazaki;2;0.235669;0.219619;0.024338
Miyazaki;3;0.435805;0.215629;8.632670
Miyazaki;1;2.045292;-0.412003;0.023139
Miyazaki;2;0.041916;0.884201;0.024390
Miyazaki;3;0.472341;0.658527;8.243542
Miyazaki;1;1.754349;-0.731571;0.023563
Miyazaki;2;0.395652;0.573652;0.024806
Miyazaki;3;0.275730;0.017189;8.709502
Miyazaki;1;1.022342;0.485637;0.023084
Miyazaki;2;0.624324;0.663970;0.024302
Miyazaki;3;0.678808;0.688621;8.622721
Miyazaki;1;1.578080;0.059519;0.023124
Miyazaki;2;0.308333;0.753426;0.024362
Miyazaki;3;0.278559;0.755618;8.718386
Miyazaki;1;2.211922;0.029134;0.023021
Miyazaki;2;0.587601;0.457452;0.024245
Miyazaki;3;0.342189;0.854290;8.365415
Miyazaki;1;2.581928;0.351166;0.028036
Miyazaki;2;0.470588;0.778358;0.029768
Miyazaki;3;0.397468;0.817016;8.736310
Miyazaki;1;1.288894;0.001550;0.023230
Miyazaki;2;0.832518;0.242637;0.024460
Miyazaki;3;0.748356;0.433986;9.108039
Miyazaki;1;1.129994;0.624075;0.023120
Miyazaki;2;0.928008;0.715049;0.024364
Miyazaki;3;1.860289;0.374120;8.802222
Miyazaki;1;0.422441;0.581610;0.023181
Miyazaki;2;0.534687;0.648573;0.024412
Miyazaki;3;0.491664;0.614886;8.798109
Miyazaki;1;0.393427;0.257729;0.023132
Miyazaki;2;0.235669;0.138068;0.024359
Miyazaki;3;0.700501;0.177982;8.375370
Miyazaki;1;2.045292;-0.461571;0.023104
Miyazaki;2;0.041916;0.871026;0.024316
Miyazaki;3;0.860693;0.214835;8.416825
Miyazaki;1;1.754349;-0.477392;0.023062
Miyazaki;2;0.395652;0.563801;0.024291
Miyazaki;3;0.559799;0.579537;9.005300
Miyazaki;1;1.022342;0.472985;0.023644
Miyazaki;2;0.624324;0.584937;0.024901
Miyazaki;3;0.637412;0.658372;8.612043
Miyazaki;1;1.578080;0.246030;0.023142
Miyazaki;2;0.308333;0.781445;0.024383
Miyazaki;3;0.454955;0.715062;8.584039
Miyazaki;1;2.211922;0.189484;0.023163
Miyazaki;2;0.587601;0.442130;0.024407
Miyazaki;3;0.336765;0.532566;8.519640
Miyazaki;1;2.581928;0.351629;0.023243
Miyazaki;2;0.470588;0.714703;0.024518
Miyazaki;3;0.754898;0.700156;8.701749
Miyazaki;1;1.288894;-0.205264;0.023339
Miyazaki;2;0.832518;0.368469;0.024600
Miyazaki;3;0.279543;0.719660;8.645700
Miyazaki;1;1.129994;0.549204;0.023373
Miyazaki;2;0.928008;0.676673;0.024605
Miyazaki;3;0.788649;0.418789;8.875783
Miyazaki;1;0.422441;0.388977;0.023438
Miyazaki;2;0.534687;0.641291;0.024665
Miyazaki;3;0.730239;0.644849;8.615006
Miyazaki;1;0.393427;0.251748;0.023795
Miyazaki;2;0.235669;0.124431;0.025061
Miyazaki;3;0.606569;0.297332;8.597131
Miyazaki;1;2.045292;-0.448139;0.023222
Miyazaki;2;0.041916;0.861597;0.024462
Miyazaki;3;0.731850;0.463590;8.703294
Miyazaki;1;1.754349;-0.561168;0.023155
Miyazaki;2;0.395652;0.584203;0.024384
Miyazaki;3;0.315179;0.187042;8.617154
Miyazaki;1;1.022342;0.384981;0.023521
Miyazaki;2;0.624324;0.619635;0.024821
Miyazaki;3;0.318999;0.771972;8.391865
Miyazaki;1;1.578080;0.029906;0.023095
Miyazaki;2;0.308333;0.759373;0.024340
Miyazaki;3;0.208410;0.774696;8.709057
Miyazaki;1;2.211922;0.184475;0.023275
Miyazaki;2;0.587601;0.354868;0.024512
Miyazaki;3;0.374335;0.867102;8.760663
Miyazaki;1;2.581928;0.442795;0.023525
Miyazaki;2;0.470588;0.737804;0.024743
Miyazaki;3;0.648792;0.713876;8.716101
Miyazaki;1;1.288894;-0.063750;0.024391
Miyazaki;2;0.832518;0.364682;0.025673
Miyazaki;3;0.305499;0.738693;8.808982
Miyazaki;1;1.129994;0.646870;0.023649
Miyazaki;2;0.928008;0.717329;0.024880
Miyazaki;3;0.796318;0.600955;9.051539
Miyazaki;1;0.422441;0.514476;0.023267
Miyazaki;2;0.534687;0.577239;0.024511
Miyazaki;3;0.440180;0.686594;8.478974
Miyazaki;1;0.393427;0.276122;0.023318
Miyazaki;2;0.235669;0.161819;0.024549
Miyazaki;3;0.460188;0.164412;8.795485
Miyazaki;1;2.045292;-0.341759;0.023209
Miyazaki;2;0.041916;0.884085;0.024430
Miyazaki;3;0.656302;0.571776;8.304218
Miyazaki;1;1.754349;-0.718643;0.023479
Miyazaki;2;0.395652;0.552890;0.024734
Miyazaki;3;0.409106;0.730450;8.784197
Miyazaki;1;1.022342;0.459678;0.023214
Miyazaki;2;0.624324;0.689377;0.024469
Miyazaki;3;1.156491;0.435512;8.623850
Miyazaki;1;1.578080;0.190183;0.031223
Miyazaki;2;0.308333;0.781299;0.032578
Miyazaki;3;0.438699;0.801133;8.792516
Miyazaki;1;2.211922;0.167065;0.023271
Miyazaki;2;0.587601;0.450135;0.024502
Miyazaki;3;0.479414;0.558954;8.676208
Miyazaki;1;2.581928;0.304613;0.023170
Miyazaki;2;0.470588;0.760268;0.024388
Miyazaki;3;0.415241;0.706745;8.485362
Miyazaki;1;1.288894;-0.082643;0.023772
Miyazaki;2;0.832518;0.422123;0.025023
Miyazaki;3;0.657506;0.595127;8.845762
Miyazaki;1;1.129994;0.664650;0.023181
Miyazaki;2;0.928008;0.735737;0.024408
Miyazaki;3;1.628376;0.230084;8.766551
Miyazaki;1;0.422441;0.498297;0.023664
Miyazaki;2;0.534687;0.618769;0.024907
Miyazaki;3;0.540996;0.643432;8.717049
Miyazaki;1;0.393427;0.332083;0.023379
Miyazaki;2;0.235669;0.208381;0.024619
Miyazaki;3;0.501425;0.285949;8.623239
Miyazaki;1;2.045292;-0.466974;0.024730
Miyazaki;2;0.041916;0.847574;0.026593
Miyazaki;3;0.406444;0.715927;8.623348
Miyazaki;1;1.754349;-0.455629;0.023228
Miyazaki;2;0.395652;0.583970;0.024493
Miyazaki;3;0.665279;-0.559463;8.541431
Miyazaki;1;1.022342;0.479058;0.023199
Miyazaki;2;0.624324;0.637581;0.024425
Miyazaki;3;0.422848;0.802414;8.338989
Miyazaki;1;1.578080;0.096380;0.023347
Miyazaki;2;0.308333;0.769461;0.024578
Miyazaki;3;0.344656;0.691040;8.867665
Miyazaki;1;2.211922;0.211392;0.023161
Miyazaki;2;0.587601;0.448213;0.024397
Miyazaki;3;0.233723;0.532556;8.617615
Miyazaki;1;2.581928;0.274200;0.023111
Miyazaki;2;0.470588;0.772463;0.024349
Miyazaki;3;0.213089;0.802689;8.772850
Miyazaki;1;1.288894;-0.248044;0.023685
Miyazaki;2;0.832518;0.340313;0.024956
Miyazaki;3;0.890597;0.426577;8.611454
Miyazaki;1;1.129994;0.613931;0.023271
Miyazaki;2;0.928008;0.690542;0.024525
Miyazaki;3;1.264503;0.410853;8.694917
Miyazaki;1;0.422441;0.493273;0.023169
Miyazaki;2;0.534687;0.665047;0.024391
Miyazaki;3;0.508526;0.678920;8.523545
Miyazaki;1;0.393427;0.235284;0.023216
Miyazaki;2;0.235669;0.230815;0.024445
Miyazaki;3;0.630133;0.153617;8.720682
Miyazaki;1;2.045292;-0.264048;0.023185
Miyazaki;2;0.041916;0.875818;0.024416
Miyazaki;3;0.198378;0.725573;8.658251
Miyazaki;1;1.754349;-0.550066;0.023140
Miyazaki;2;0.395652;0.596797;0.024374
Miyazaki;3;0.702027;-0.145726;8.800486
Miyazaki;1;1.022342;0.562507;0.023077
Miyazaki;2;0.624324;0.578588;0.024307
Miyazaki;3;0.350008;0.870833;8.738064
Miyazaki;1;1.578080;0.003376;0.023008
Miyazaki;2;0.308333;0.815152;0.024223
Miyazaki;3;0.542243;0.432370;8.618583
Miyazaki;1;2.211922;0.191384;0.023806
Miyazaki;2;0.587601;0.441035;0.025061
Miyazaki;3;0.341230;0.617818;8.435492
Miyazaki;1;2.581928;0.460152;0.023243
Miyazaki;2;0.470588;0.710584;0.024492
Miyazaki;3;0.277884;0.776767;8.736455
Miyazaki;1;1.288894;-0.320191;0.023223
Miyazaki;2;0.832518;0.332313;0.024464
Miyazaki;3;0.222735;0.576168;8.757637
Miyazaki;1;1.129994;0.627553;0.023143
Miyazaki;2;0.928008;0.738582;0.024392
Miyazaki;3;2.286059;0.059815;8.687238
Miyazaki;1;0.422441;0.340499;0.023145
Miyazaki;2;0.534687;0.576748;0.024376
Miyazaki;3;0.617054;0.497138;8.690835
Miyazaki;1;0.393427;0.253358;0.023101
Miyazaki;2;0.235669;0.211788;0.024315
Miyazaki;3;0.649772;0.172156;8.656279
Miyazaki;1;2.045292;-0.476640;0.023916
Miyazaki;2;0.041916;0.854483;0.025264
Miyazaki;3;0.218715;0.636324;8.774167
Miyazaki;1;1.754349;-0.422612;0.023255
Miyazaki;2;0.395652;0.573506;0.024496
Miyazaki;3;0.526567;0.581126;8.903749
Miyazaki;1;1.022342;0.453181;0.023462
Miyazaki;2;0.624324;0.644545;0.024691
Miyazaki;3;1.393505;0.332167;8.619078
Miyazaki;1;1.578080;0.000245;0.023319
Miyazaki;2;0.308333;0.754099;0.024566
Miyazaki;3;0.892388;0.488877;8.705678
Miyazaki;1;2.211922;0.227594;0.023577
Miyazaki;2;0.587601;0.346902;0.024817
Miyazaki;3;0.376861;0.464603;8.523600
Miyazaki;1;2.581928;0.345054;0.023552
Miyazaki;2;0.470588;0.750406;0.024790
Miyazaki;3;0.202714;0.811664;8.443532
Miyazaki;1;1.288894;-0.108251;0.023169
Miyazaki;2;0.832518;0.215661;0.024410
Miyazaki;3;0.645937;0.629522;8.891278
Miyazaki;1;1.129994;0.540049;0.024157
Miyazaki;2;0.928008;0.743642;0.025468
Miyazaki;3;0.460727;0.688416;8.771602
Miyazaki;1;0.422441;0.466728;0.023289
Miyazaki;2;0.534687;0.668285;0.024527
Miyazaki;3;0.554634;0.686901;8.641092
Miyazaki;1;0.393427;0.273780;0.023170
Miyazaki;2;0.235669;0.219018;0.024384
Miyazaki;3;0.591198;0.144851;8.382081
Miyazaki;1;2.045292;-0.316751;0.023270
Miyazaki;2;0.041916;0.889022;0.024499
Miyazaki;3;0.545156;0.148225;8.468210
Miyazaki;1;1.754349;-0.500845;0.023187
Miyazaki;2;0.395652;0.524998;0.024421
Miyazaki;3;0.633004;0.554078;8.457438
Miyazaki;1;1.022342;0.548137;0.023120
Miyazaki;2;0.624324;0.602678;0.024364
Miyazaki;3;0.379681;0.788847;8.431744
Miyazaki;1;1.578080;-0.007010;0.023252
Miyazaki;2;0.308333;0.763499;0.024490
Miyazaki;3;0.210214;0.835296;8.524762
Miyazaki;1;2.211922;0.125492;0.024161
Miyazaki;2;0.587601;0.418127;0.025464
Miyazaki;3;0.277213;0.544508;8.486112
Miyazaki;1;2.581928;0.370639;0.023659
Miyazaki;2;0.470588;0.747098;0.024897
Miyazaki;3;1.162184;0.595719;8.657383
Miyazaki;1;1.288894;-0.088301;0.023562
Miyazaki;2;0.832518;0.396160;0.024808
Miyazaki;3;0.423557;0.652245;8.916381
Miyazaki;1;1.129994;0.647079;0.023611
Miyazaki;2;0.928008;0.735697;0.024843
Miyazaki;3;0.479843;0.698954;8.802058
Miyazaki;1;0.422441;0.405850;0.023552
Miyazaki;2;0.534687;0.647891;0.024781
Miyazaki;3;0.479345;0.628330;8.673944
Miyazaki;1;0.393427;0.250668;0.023473
Miyazaki;2;0.235669;0.204043;0.024720
Miyazaki;3;0.592450;0.185019;8.659735
Miyazaki;1;2.045292;-0.502549;0.023557
Miyazaki;2;0.041916;0.863476;0.024787
Miyazaki;3;0.434060;0.652750;8.388061
Miyazaki;1;1.754349;-0.600851;0.030723
Miyazaki;2;0.395652;0.479877;0.032451
Miyazaki;3;0.242155;0.432301;8.607836
Miyazaki;1;1.022342;0.398729;0.023587
Miyazaki;2;0.624324;0.645122;0.024850
Miyazaki;3;0.437477;0.720342;8.568268
Miyazaki;1;1.578080;0.070520;0.023849
Miyazaki;2;0.308333;0.791359;0.025100
Miyazaki;3;0.478656;0.553342;8.753678
Miyazaki;1;2.211922;0.079816;0.023290
Miyazaki;2;0.587601;0.418645;0.024535
Miyazaki;3;0.378881;0.820768;8.698961
Miyazaki;1;2.581928;0.316642;0.023354
Miyazaki;2;0.470588;0.747262;0.024617
Miyazaki;3;0.839034;0.613235;8.969067
Miyazaki;1;1.288894;-0.096598;0.023138
Miyazaki;2;0.832518;0.339441;0.024368
Miyazaki;3;0.496153;0.602968;8.902087
Miyazaki;1;1.129994;0.647781;0.022958
Miyazaki;2;0.928008;0.704195;0.024172
Miyazaki;3;0.539103;0.706352;8.567425
Miyazaki;1;0.422441;0.529152;0.023823
Miyazaki;2;0.534687;0.586021;0.025083
Miyazaki;3;0.637391;0.555965;8.609245
Miyazaki;1;0.393427;0.206969;0.023137
Miyazaki;2;0.235669;0.203688;0.024356
Miyazaki;3;0.586677;0.299641;8.561619
Miyazaki;1;2.045292;-0.399520;0.022983
Miyazaki;2;0.041916;0.889374;0.024219
Miyazaki;3;0.651115;0.459826;8.513238
Miyazaki;1;1.754349;-0.796245;0.023349
Miyazaki;2;0.395652;0.576987;0.024606
Miyazaki;3;0.413308;0.733362;8.832899
Miyazaki;1;1.022342;0.531894;0.023094
Miyazaki;2;0.624324;0.641556;0.024363
Miyazaki;3;1.227855;0.377154;8.504690
Miyazaki;1;1.578080;0.008115;0.023181
Miyazaki;2;0.308333;0.738920;0.024417
Miyazaki;3;0.436057;0.617058;8.473008
Miyazaki;1;2.211922;0.222693;0.023116
Miyazaki;2;0.587601;0.487183;0.024336
Miyazaki;3;0.505902;0.465659;8.779287
Miyazaki;1;2.581928;0.310698;0.023387
Miyazaki;2;0.470588;0.768408;0.024658
Miyazaki;3;0.312890;0.745366;8.629130
Miyazaki;1;1.288894;0.033147;0.023026
Miyazaki;2;0.832518;0.373626;0.024268
Miyazaki;3;0.311130;0.617224;9.117078
Miyazaki;1;1.129994;0.662065;0.023257
Miyazaki;2;0.928008;0.752667;0.024503
Miyazaki;3;0.341142;0.748376;9.018731
Miyazaki;1;0.422441;0.535722;0.023757
Miyazaki;2;0.534687;0.690496;0.025007
Miyazaki;3;0.436250;0.707759;8.632116
Miyazaki;1;0.393427;0.266264;0.022956
Miyazaki;2;0.235669;0.130228;0.024182
Miyazaki;3;0.692010;0.069082;8.586089
Miyazaki;1;2.045292;-0.377758;0.023141
Miyazaki;2;0.041916;0.878428;0.024370
Miyazaki;3;0.324022;0.526536;8.856831
Miyazaki;1;1.754349;-0.501123;0.023089
Miyazaki;2;0.395652;0.593521;0.024332
Miyazaki;3;0.298990;0.746968;8.486100
Miyazaki;1;1.022342;0.553443;0.024076
Miyazaki;2;0.624324;0.600858;0.025399
Miyazaki;3;0.533081;0.795672;8.540122
Miyazaki;1;1.578080;0.124326;0.023152
Miyazaki;2;0.308333;0.793012;0.024378
Miyazaki;3;0.553640;0.697895;8.643390
Miyazaki;1;2.211922;0.136439;0.022992
Miyazaki;2;0.587601;0.463462;0.024244
Miyazaki;3;0.679291;0.579958;8.391327
Miyazaki;1;2.581928;0.349024;0.023459
Miyazaki;2;0.470588;0.784283;0.024718
Miyazaki;3;0.389304;0.809967;8.671320
Miyazaki;1;1.288894;-0.133085;0.023181
Miyazaki;2;0.832518;0.281905;0.024495
Miyazaki;3;0.404927;0.566080;9.123762
Miyazaki;1;1.129994;0.643028;0.023263
Miyazaki;2;0.928008;0.747780;0.024515
Miyazaki;3;0.724298;0.682747;8.600226
Miyazaki;1;0.422441;0.414163;0.022997
Miyazaki;2;0.534687;0.663028;0.024229
Miyazaki;3;0.685168;0.522862;8.267219
Miyazaki;1;0.393427;0.224971;0.024081
Miyazaki;2;0.235669;0.149130;0.025445
Miyazaki;3;0.507847;0.375111;8.403874
Miyazaki;1;2.045292;-0.603539;0.023219
Miyazaki;2;0.041916;0.853999;0.024449
Miyazaki;3;0.996406;0.226627;8.533179
Miyazaki;1;1.754349;-0.468140;0.023222
Miyazaki;2;0.395652;0.631085;0.024465
Miyazaki;3;0.313250;-0.073331;8.434116
Miyazaki;1;1.022342;0.471222;0.023513
Miyazaki;2;0.624324;0.633311;0.024774
Miyazaki;3;0.528360;0.779639;8.408552
Miyazaki;1;1.578080;0.156190;0.023251
Miyazaki;2;0.308333;0.745334;0.024489
Miyazaki;3;0.360827;0.711450;8.897047
Miyazaki;1;2.211922;0.253923;0.023216
Miyazaki;2;0.587601;0.358175;0.024443
Miyazaki;3;0.512477;0.421499;8.602625
Miyazaki;1;2.581928;0.386903;0.023164
Miyazaki;2;0.470588;0.749831;0.024392
Miyazaki;3;1.748277;0.417297;8.766510
Miyazaki;1;1.288894;-0.125317;0.024090
Miyazaki;2;0.832518;0.393565;0.025387
Miyazaki;3;0.569530;0.646731;9.012093
Miyazaki;1;1.129994;0.603704;0.023545
Miyazaki;2;0.928008;0.691691;0.024783
Miyazaki;3;1.959514;0.085666;8.870286
Miyazaki;1;0.422441;0.379317;0.023196
Miyazaki;2;0.534687;0.649083;0.024424
Miyazaki;3;0.524908;0.715020;8.424768
Miyazaki;1;0.393427;0.269598;0.023301
Miyazaki;2;0.235669;0.107490;0.024526
Miyazaki;3;0.409385;0.269017;8.635770
Miyazaki;1;2.045292;-0.381798;0.023421
Miyazaki;2;0.041916;0.864310;0.024659
Miyazaki;3;0.596264;0.533746;8.582503
Miyazaki;1;1.754349;-0.446962;0.023360
Miyazaki;2;0.395652;0.621672;0.024608
Miyazaki;3;0.224890;0.866304;8.735174
Miyazaki;1;1.022342;0.581244;0.023134
Miyazaki;2;0.624324;0.579857;0.024356
Miyazaki;3;0.407497;0.764779;8.723591
Miyazaki;1;1.578080;0.045765;0.024264
Miyazaki;2;0.308333;0.751483;0.025617
Miyazaki;3;0.393736;0.537242;8.654214
Miyazaki;1;2.211922;0.180008;0.023030
Miyazaki;2;0.587601;0.473883;0.024249
Miyazaki;3;0.447811;0.795792;8.697514
Miyazaki;1;2.581928;0.312809;0.023262
Miyazaki;2;0.470588;0.780782;0.024487
Miyazaki;3;0.383759;0.773614;8.781976
Miyazaki;1;1.288894;-0.120386;0.023316
Miyazaki;2;0.832518;0.348671;0.024565
Miyazaki;3;1.087911;0.371745;9.023802
Miyazaki;1;1.129994;0.574020;0.023205
Miyazaki;2;0.928008;0.716814;0.024440
Miyazaki;3;1.384993;0.549931;8.866940
Miyazaki;1;0.422441;0.326816;0.023476
Miyazaki;2;0.534687;0.592711;0.024738
Miyazaki;3;0.475215;0.725480;8.551395
Miyazaki;1;0.393427;0.297503;0.023565
Miyazaki;2;0.235669;0.198631;0.024794
Miyazaki;3;0.420115;0.379217;8.761346
Miyazaki;1;2.045292;-0.467765;0.024408
Miyazaki;2;0.041916;0.887067;0.025728
Miyazaki;3;0.447233;0.757438;8.520476
Miyazaki;1;1.754349;-0.425186;0.023127
Miyazaki;2;0.395652;0.529459;0.024361
Miyazaki;3;0.417909;0.703739;8.634940
Miyazaki;1;1.022342;0.405786;0.023181
Miyazaki;2;0.624324;0.611289;0.024422
Miyazaki;3;0.373031;0.813051;8.535216
Miyazaki;1;1.578080;-0.035432;0.023318
Miyazaki;2;0.308333;0.798759;0.024555
Miyazaki;3;0.675055;0.330513;8.851159
Miyazaki;1;2.211922;0.129697;0.023262
Miyazaki;2;0.587601;0.441544;0.024495
Miyazaki;3;0.381975;0.489257;8.660623
Miyazaki;1;2.581928;0.410327;0.023124
Miyazaki;2;0.470588;0.745167;0.024352
Miyazaki;3;0.206654;0.790781;8.504654
Miyazaki;1;1.288894;-0.182170;0.023191
Miyazaki;2;0.832518;0.327146;0.024419
Miyazaki;3;0.460072;0.673036;8.617571
Miyazaki;1;1.129994;0.586848;0.024063
Miyazaki;2;0.928008;0.711902;0.025377
Miyazaki;3;0.976812;0.496895;8.831709
Miyazaki;1;0.422441;0.491569;0.023498
Miyazaki;2;0.534687;0.624780;0.024721
Miyazaki;3;0.689690;0.657514;8.380713
Miyazaki;1;0.393427;0.311074;0.023286
Miyazaki;2;0.235669;0.144173;0.024540
Miyazaki;3;0.799661;0.109036;8.853165
Miyazaki;1;2.045292;-0.497234;0.023490
Miyazaki;2;0.041916;0.893630;0.024724
Miyazaki;3;0.828202;0.488052;8.870183
Miyazaki;1;1.754349;-0.816951;0.023590
Miyazaki;2;0.395652;0.574008;0.024823
Miyazaki;3;0.276185;0.656893;8.573864
Miyazaki;1;1.022342;0.495909;0.023063
Miyazaki;2;0.624324;0.572628;0.024283
Miyazaki;3;0.417674;0.780409;8.553738
Miyazaki;1;1.578080;-0.044274;0.023504
Miyazaki;2;0.308333;0.804909;0.024771
Miyazaki;3;0.613488;0.547930;8.514881
Miyazaki;1;2.211922;0.179910;0.024110
Miyazaki;2;0.587601;0.405050;0.025404
Miyazaki;3;0.580058;0.449793;8.261283
Miyazaki;1;2.581928;0.339982;0.023181
Miyazaki;2;0.470588;0.735485;0.024429
Miyazaki;3;0.361216;0.802433;8.650379
Miyazaki;1;1.288894;-0.078782;0.023314
Miyazaki;2;0.832518;0.422963;0.024560
Miyazaki;3;0.297879;0.627588;9.074987
Miyazaki;1;1.129994;0.603490;0.023209
Miyazaki;2;0.928008;0.708027;0.024446
Miyazaki;3;0.558563;0.675844;8.681738
Maxwell;1;11.356959;-15.351626;0.190137
Maxwell;2;0.171746;0.786481;0.194928
Maxwell;3;0.278543;0.625213;27.871119
Maxwell;1;3.284440;-1.668560;0.117849
Maxwell;2;0.388557;0.720298;0.122583
Maxwell;3;0.487331;0.647646;28.393093
Maxwell;1;17.434539;-5.006056;0.100062
Maxwell;2;0.440110;0.475999;0.104292
Maxwell;3;0.519960;0.549050;29.095748
Maxwell;1;1.433578;-0.602861;0.105234
Maxwell;2;0.545549;0.328721;0.109467
Maxwell;3;0.541865;0.614831;29.836629
Maxwell;1;5.404717;-5.411035;0.097736
Maxwell;2;1.510160;-0.202132;0.101759
Maxwell;3;0.569342;0.660480;30.353276
Maxwell;1;18.415221;-7.658410;0.099676
Maxwell;2;0.625110;0.208767;0.103861
Maxwell;3;0.384746;0.702601;28.947584
Maxwell;1;8.541201;-3.609271;0.097920
Maxwell;2;1.059298;0.304530;0.101964
Maxwell;3;0.480642;0.479112;29.504836
Maxwell;1;0.860714;-0.074242;0.100746
Maxwell;2;0.508205;0.242842;0.104972
Maxwell;3;0.429761;0.564912;29.643034
Maxwell;1;3.530079;-1.468096;0.102257
Maxwell;2;0.586389;0.537731;0.107239
Maxwell;3;0.370576;0.747006;30.485203
Maxwell;1;2.194351;-2.284721;0.098673
Maxwell;2;0.497871;-0.258855;0.102741
Maxwell;3;0.439955;0.755494;29.494758
Maxwell;1;11.356959;-14.053735;0.098706
Maxwell;2;0.171746;0.767103;0.102804
Maxwell;3;0.414139;0.631913;29.423818
Maxwell;1;3.284440;-1.769648;0.100863
Maxwell;2;0.388557;0.745535;0.105121
Maxwell;3;0.348970;0.752369;28.729106
Maxwell;1;17.434539;-4.502194;0.097908
Maxwell;2;0.440110;0.471966;0.101940
Maxwell;3;0.570982;0.489665;28.663954
Maxwell;1;1.433578;-0.624292;0.099466
Maxwell;2;0.545549;0.289224;0.103677
Maxwell;3;0.509587;0.504926;27.836563
Maxwell;1;5.404717;-6.312231;0.098117
Maxwell;2;1.510160;-0.052708;0.102189
Maxwell;3;1.430351;0.136200;29.606916
Maxwell;1;18.415221;-8.185446;0.098793
Maxwell;2;0.625110;0.265549;0.102903
Maxwell;3;0.395012;0.683897;29.793319
Maxwell;1;8.541201;-3.258404;0.098421
Maxwell;2;1.059298;0.276137;0.102445
Maxwell;3;0.443730;0.579656;28.594695
Maxwell;1;0.860714;-0.097249;0.100111
Maxwell;2;0.508205;0.207074;0.104324
Maxwell;3;0.472703;0.562768;30.050221
Maxwell;1;3.530079;-1.647572;0.097888
Maxwell;2;0.586389;0.521473;0.101941
Maxwell;3;0.339943;0.705633;28.946819
Maxwell;1;2.194351;-2.320903;0.107658
Maxwell;2;0.497871;-0.261969;0.111927
Maxwell;3;0.418613;0.719507;29.743005
Maxwell;1;11.356959;-15.151582;0.097604
Maxwell;2;0.171746;0.783063;0.101628
Maxwell;3;0.216878;0.686053;28.631292
Maxwell;1;3.284440;-1.890121;0.107657
Maxwell;2;0.388557;0.742981;0.112577
Maxwell;3;0.540824;0.624532;29.418449
Maxwell;1;17.434539;-5.018516;0.097565
Maxwell;2;0.440110;0.464606;0.101688
Maxwell;3;0.513908;0.546271;28.274185
Maxwell;1;1.433578;-0.552305;0.099866
Maxwell;2;0.545549;0.375963;0.104023
Maxwell;3;0.483068;0.522918;29.231501
Maxwell;1;5.404717;-5.638538;0.098295
Maxwell;2;1.510160;-0.141531;0.102322
Maxwell;3;0.716649;0.287160;28.636951
Maxwell;1;18.415221;-9.052032;0.149690
Maxwell;2;0.625110;0.221675;0.153966
Maxwell;3;0.452350;0.693492;27.855738
Maxwell;1;8.541201;-3.483440;0.098047
Maxwell;2;1.059298;0.283808;0.102203
Maxwell;3;0.457357;0.480978;29.685098
Maxwell;1;0.860714;-0.119880;0.097762
Maxwell;2;0.508205;0.236574;0.101841
Maxwell;3;0.437524;0.533794;28.746294
Maxwell;1;3.530079;-1.622673;0.100186
Maxwell;2;0.586389;0.487224;0.104370
Maxwell;3;0.959085;0.384242;29.863407
Maxwell;1;2.194351;-2.166109;0.097588
Maxwell;2;0.497871;-0.290508;0.101640
Maxwell;3;0.606680;0.500838;29.156024
Maxwell;1;11.356959;-15.176753;0.115866
Maxwell;2;0.171746;0.769261;0.120119
Maxwell;3;0.306113;0.676603;29.142861
Maxwell;1;3.284440;-1.520921;0.098375
Maxwell;2;0.388557;0.712893;0.102516
Maxwell;3;0.414643;0.711879;29.153036
Maxwell;1;17.434539;-4.767319;0.101895
Maxwell;2;0.440110;0.467129;0.107137
Maxwell;3;0.539088;0.532917;28.638200
Maxwell;1;1.433578;-0.532105;0.097994
Maxwell;2;0.545549;0.318609;0.102107
Maxwell;3;0.509091;0.482861;29.502882
Maxwell;1;5.404717;-6.244600;0.100573
Maxwell;2;1.510160;-0.156779;0.104753
Maxwell;3;0.642853;0.287893;30.200533
Maxwell;1;18.415221;-8.470369;0.098105
Maxwell;2;0.625110;0.270383;0.102206
Maxwell;3;0.321629;0.782999;28.157722
Maxwell;1;8.541201;-3.503267;0.100386
Maxwell;2;1.059298;0.300162;0.104707
Maxwell;3;0.600109;0.532319;30.026577
Maxwell;1;0.860714;-0.086389;0.098130
Maxwell;2;0.508205;0.262340;0.102264
Maxwell;3;0.344192;0.481368;29.132257
Maxwell;1;3.530079;-1.600891;0.098186
Maxwell;2;0.586389;0.534910;0.102325
Maxwell;3;0.306833;0.722811;30.103888
Maxwell;1;2.194351;-2.440086;0.097515
Maxwell;2;0.497871;-0.352164;0.101558
Maxwell;3;0.347121;0.765541;29.954211
Maxwell;1;11.356959;-16.496990;0.099745
Maxwell;2;0.171746;0.774295;0.104007
Maxwell;3;0.334543;0.662658;27.937811
Maxwell;1;3.284440;-1.584992;0.098291
Maxwell;2;0.388557;0.711987;0.102393
Maxwell;3;0.425448;0.682879;28.998416
Maxwell;1;17.434539;-4.913337;0.100314
Maxwell;2;0.440110;0.484492;0.104570
Maxwell;3;0.452624;0.592057;30.478029
Maxwell;1;1.433578;-0.716090;0.098005
Maxwell;2;0.545549;0.320833;0.102143
Maxwell;3;0.567279;0.565075;29.308375
Maxwell;1;5.404717;-4.927127;0.107800
Maxwell;2;1.510160;-0.148790;0.112747
Maxwell;3;1.497795;0.158468;29.282039
Maxwell;1;18.415221;-8.423884;0.097759
Maxwell;2;0.625110;0.239251;0.101829
Maxwell;3;0.320970;0.740594;29.159349
Maxwell;1;8.541201;-3.376101;0.108151
Maxwell;2;1.059298;0.271893;0.112380
Maxwell;3;0.547339;0.498802;30.024422
Maxwell;1;0.860714;-0.141177;0.097866
Maxwell;2;0.508205;0.252572;0.101931
Maxwell;3;0.430031;0.396099;29.266148
Maxwell;1;3.530079;-1.780673;0.108044
Maxwell;2;0.586389;0.539556;0.112279
Maxwell;3;0.167141;0.835216;29.440939
Maxwell;1;2.194351;-2.389181;0.097873
Maxwell;2;0.497871;-0.406811;0.101926
Maxwell;3;0.531241;0.645810;28.499446
Maxwell;1;11.356959;-14.819910;0.099621
Maxwell;2;0.171746;0.781160;0.103806
Maxwell;3;0.227896;0.731206;28.707991
Maxwell;1;3.284440;-1.863449;0.117836
Maxwell;2;0.388557;0.728194;0.121965
Maxwell;3;0.315680;0.787561;28.862033
Maxwell;1;17.434539;-4.859079;0.100035
Maxwell;2;0.440110;0.491164;0.104266
Maxwell;3;0.555927;0.495759;29.172538
Maxwell;1;1.433578;-0.673858;0.097902
Maxwell;2;0.545549;0.326326;0.102004
Maxwell;3;0.546106;0.525030;29.733245
Maxwell;1;5.404717;-5.915607;0.099959
Maxwell;2;1.510160;-0.036917;0.104213
Maxwell;3;1.290252;0.291754;28.691693
Maxwell;1;18.415221;-7.852621;0.099878
Maxwell;2;0.625110;0.279470;0.104125
Maxwell;3;0.425521;0.693840;29.598071
Maxwell;1;8.541201;-3.552369;0.107747
Maxwell;2;1.059298;0.243972;0.112058
Maxwell;3;0.615973;0.520395;29.534723
Maxwell;1;0.860714;-0.122852;0.097727
Maxwell;2;0.508205;0.205074;0.101758
Maxwell;3;0.464609;0.555005;29.075809
Maxwell;1;3.530079;-1.710870;0.107675
Maxwell;2;0.586389;0.500575;0.111964
Maxwell;3;0.268196;0.769637;28.289103
Maxwell;1;2.194351;-2.691127;0.097606
Maxwell;2;0.497871;-0.317474;0.101673
Maxwell;3;0.631378;0.533181;29.380248
Maxwell;1;11.356959;-14.167945;0.099692
Maxwell;2;0.171746;0.780327;0.103879
Maxwell;3;0.413562;0.726084;29.005015
Maxwell;1;3.284440;-1.841939;0.097686
Maxwell;2;0.388557;0.718729;0.101807
Maxwell;3;0.405971;0.715331;28.421615
Maxwell;1;17.434539;-5.233084;0.097457
Maxwell;2;0.440110;0.487655;0.101592
Maxwell;3;0.554276;0.564436;29.643513
Maxwell;1;1.433578;-0.574841;0.099929
Maxwell;2;0.545549;0.310664;0.104243
Maxwell;3;0.474608;0.545075;29.970605
Maxwell;1;5.404717;-5.642770;0.097642
Maxwell;2;1.510160;-0.159039;0.101646
Maxwell;3;0.743677;0.352070;30.316882
Maxwell;1;18.415221;-8.523882;0.099456
Maxwell;2;0.625110;0.242410;0.103721
Maxwell;3;0.480330;0.720480;29.728923
Maxwell;1;8.541201;-3.485941;0.097787
Maxwell;2;1.059298;0.330513;0.101917
Maxwell;3;0.627424;0.487719;28.630262
Maxwell;1;0.860714;-0.067958;0.097448
Maxwell;2;0.508205;0.217090;0.101486
Maxwell;3;0.412595;0.533892;29.732784
Maxwell;1;3.530079;-1.478796;0.097503
Maxwell;2;0.586389;0.568080;0.101554
Maxwell;3;0.398390;0.712358;29.536639
Maxwell;1;2.194351;-2.417822;0.099472
Maxwell;2;0.497871;-0.275462;0.103730
Maxwell;3;0.375348;0.592568;28.521349
Maxwell;1;11.356959;-16.282723;0.097893
Maxwell;2;0.171746;0.786363;0.101993
Maxwell;3;0.257337;0.657590;28.219053
Maxwell;1;3.284440;-1.760617;0.099577
Maxwell;2;0.388557;0.736348;0.103845
Maxwell;3;0.411958;0.764373;28.876725
Maxwell;1;17.434539;-4.952672;0.097329
Maxwell;2;0.440110;0.518298;0.101387
Maxwell;3;0.326907;0.676437;28.494621
Maxwell;1;1.433578;-0.630845;0.099912
Maxwell;2;0.545549;0.265643;0.104128
Maxwell;3;0.492259;0.449876;30.022705
Maxwell;1;5.404717;-5.533696;0.097704
Maxwell;2;1.510160;-0.184031;0.101814
Maxwell;3;1.293659;-0.172433;30.539834
Maxwell;1;18.415221;-8.824620;0.099404
Maxwell;2;0.625110;0.284501;0.103542
Maxwell;3;0.444285;0.724223;28.951854
Maxwell;1;8.541201;-3.690111;0.097614
Maxwell;2;1.059298;0.316483;0.101647
Maxwell;3;0.559938;0.480883;29.588304
Maxwell;1;0.860714;-0.106846;0.128378
Maxwell;2;0.508205;0.236228;0.132562
Maxwell;3;0.373370;0.216497;28.905749
Maxwell;1;3.530079;-1.721937;0.097768
Maxwell;2;0.586389;0.499362;0.101875
Maxwell;3;0.447435;0.701078;27.673630
Maxwell;1;2.194351;-2.330004;0.099524
Maxwell;2;0.497871;-0.301989;0.103742
Maxwell;3;0.402004;0.712791;29.453398
Maxwell;1;11.356959;-13.891266;0.097913
Maxwell;2;0.171746;0.782895;0.102022
Maxwell;3;0.293712;0.724587;28.690221
Maxwell;1;3.284440;-1.721047;0.099723
Maxwell;2;0.388557;0.734104;0.103852
Maxwell;3;0.358118;0.785183;29.832592
Maxwell;1;17.434539;-4.980994;0.097551
Maxwell;2;0.440110;0.459328;0.101619
Maxwell;3;0.651420;0.531187;28.652141
Maxwell;1;1.433578;-0.600787;0.099702
Maxwell;2;0.545549;0.357059;0.103926
Maxwell;3;0.385724;0.330329;28.967293
Maxwell;1;5.404717;-5.489079;0.098210
Maxwell;2;1.510160;-0.180785;0.102346
Maxwell;3;1.511088;0.001564;28.917397
Maxwell;1;18.415221;-8.613116;0.099473
Maxwell;2;0.625110;0.290691;0.103782
Maxwell;3;0.506865;0.734351;29.245978
Maxwell;1;8.541201;-3.602550;0.098033
Maxwell;2;1.059298;0.298239;0.102069
Maxwell;3;0.345917;0.551816;29.079938
Maxwell;1;0.860714;-0.092722;0.099598
Maxwell;2;0.508205;0.250350;0.103826
Maxwell;3;0.388159;0.577581;29.491006
Maxwell;1;3.530079;-1.560901;0.097846
Maxwell;2;0.586389;0.518285;0.101967
Maxwell;3;0.161862;0.777199;28.714248
Maxwell;1;2.194351;-2.181078;0.099845
Maxwell;2;0.497871;-0.263484;0.104034
Maxwell;3;0.553825;0.660545;29.415945
Maxwell;1;11.356959;-14.154657;0.097919
Maxwell;2;0.171746;0.798344;0.102006
Maxwell;3;0.270734;0.611375;28.107652
Maxwell;1;3.284440;-1.750383;0.100232
Maxwell;2;0.388557;0.715026;0.104439
Maxwell;3;0.394487;0.763017;27.872034
Maxwell;1;17.434539;-5.088300;0.097591
Maxwell;2;0.440110;0.453965;0.101659
Maxwell;3;0.540444;0.568524;29.688835
Maxwell;1;1.433578;-0.526831;0.099780
Maxwell;2;0.545549;0.311105;0.103962
Maxwell;3;0.497469;0.515514;29.134532
Maxwell;1;5.404717;-5.260009;0.097933
Maxwell;2;1.510160;-0.159476;0.102046
Maxwell;3;1.040654;0.160081;28.977177
Maxwell;1;18.415221;-8.005132;0.097622
Maxwell;2;0.625110;0.207915;0.101725
Maxwell;3;0.556228;0.658250;29.217969
Maxwell;1;8.541201;-3.620983;0.100034
Maxwell;2;1.059298;0.297537;0.104233
Maxwell;3;0.513650;0.507695;28.936230
Maxwell;1;0.860714;-0.100920;0.097380
Maxwell;2;0.508205;0.265692;0.101471
Maxwell;3;0.397753;0.557424;29.269526
Maxwell;1;3.530079;-1.537625;0.099642
Maxwell;2;0.586389;0.535851;0.103793
Maxwell;3;0.231423;0.717069;29.226031
Maxwell;1;2.194351;-2.263438;0.097547
Maxwell;2;0.497871;-0.254950;0.101625
Maxwell;3;0.293969;0.743957;28.884642
Maxwell;1;11.356959;-14.516979;0.099788
Maxwell;2;0.171746;0.763346;0.104000
Maxwell;3;0.448799;0.607177;29.196150
Maxwell;1;3.284440;-1.834979;0.097522
Maxwell;2;0.388557;0.678835;0.101609
Maxwell;3;0.426726;0.690416;30.252524
Maxwell;1;17.434539;-4.928043;0.099512
Maxwell;2;0.440110;0.503613;0.103745
Maxwell;3;0.573100;0.501021;30.427013
Maxwell;1;1.433578;-0.642663;0.127691
Maxwell;2;0.545549;0.339825;0.131779
Maxwell;3;0.558374;0.595651;28.989375
Maxwell;1;5.404717;-5.241429;0.099667
Maxwell;2;1.510160;-0.091668;0.103837
Maxwell;3;0.779603;0.335373;28.953405
Maxwell;1;18.415221;-7.946374;0.097449
Maxwell;2;0.625110;0.252211;0.101444
Maxwell;3;0.400796;0.709595;28.472777
Maxwell;1;8.541201;-3.534827;0.098242
Maxwell;2;1.059298;0.332024;0.102385
Maxwell;3;0.476713;0.511810;28.430265
Maxwell;1;0.860714;-0.095575;0.097534
Maxwell;2;0.508205;0.242279;0.101638
Maxwell;3;0.404481;0.572598;29.417219
Maxwell;1;3.530079;-1.624305;0.099646
Maxwell;2;0.586389;0.526232;0.103856
Maxwell;3;0.239269;0.757262;29.388821
Maxwell;1;2.194351;-2.261249;0.097291
Maxwell;2;0.497871;-0.229536;0.101313
Maxwell;3;0.239707;0.650865;27.556439
Maxwell;1;11.356959;-14.055914;0.099822
Maxwell;2;0.171746;0.776491;0.104046
Maxwell;3;0.220402;0.624706;28.139924
Maxwell;1;3.284440;-1.607829;0.097696
Maxwell;2;0.388557;0.757045;0.101756
Maxwell;3;0.507667;0.649162;28.909633
Maxwell;1;17.434539;-5.295393;0.099451
Maxwell;2;0.440110;0.501367;0.103698
Maxwell;3;0.525207;0.520428;29.190267
Maxwell;1;1.433578;-0.620494;0.097399
Maxwell;2;0.545549;0.319983;0.101434
Maxwell;3;0.478076;0.532543;29.289630
Maxwell;1;5.404717;-5.343818;0.099989
Maxwell;2;1.510160;-0.080652;0.104222
Maxwell;3;0.999185;0.339756;29.699760
Maxwell;1;18.415221;-7.999138;0.097470
Maxwell;2;0.625110;0.269760;0.101517
Maxwell;3;0.381780;0.734822;30.289619
Maxwell;1;8.541201;-3.606658;0.099913
Maxwell;2;1.059298;0.284615;0.104096
Maxwell;3;0.631324;0.455937;30.424322
Maxwell;1;0.860714;-0.064060;0.097718
Maxwell;2;0.508205;0.279964;0.101784
Maxwell;3;0.392814;0.577831;28.245012
Maxwell;1;3.530079;-1.512727;0.099323
Maxwell;2;0.586389;0.518031;0.103516
Maxwell;3;0.321325;0.740443;29.171462
Maxwell;1;2.194351;-2.286525;0.097161
Maxwell;2;0.497871;-0.284558;0.101175
Maxwell;3;0.362221;0.767960;29.599448
Maxwell;1;11.356959;-14.206119;0.099841
Maxwell;2;0.171746;0.777753;0.104067
Maxwell;3;0.327506;0.719680;28.561247
Maxwell;1;3.284440;-1.556692;0.097286
Maxwell;2;0.388557;0.753273;0.101335
Maxwell;3;0.379751;0.691079;29.733363
Maxwell;1;17.434539;-4.845949;0.099507
Maxwell;2;0.440110;0.495869;0.103774
Maxwell;3;0.529312;0.532892;30.233773
Maxwell;1;1.433578;-0.558488;0.097727
Maxwell;2;0.545549;0.373651;0.101812
Maxwell;3;0.485905;0.509068;29.988190
Maxwell;1;5.404717;-5.769478;0.099744
Maxwell;2;1.510160;-0.150130;0.103933
Maxwell;3;1.512376;0.101157;28.558761
Maxwell;1;18.415221;-8.828948;0.097089
Maxwell;2;0.625110;0.283131;0.101151
Maxwell;3;0.233511;0.762828;28.812893
Maxwell;1;8.541201;-3.608535;0.099672
Maxwell;2;1.059298;0.303590;0.103927
Maxwell;3;0.469900;0.516902;29.483376
Maxwell;1;0.860714;-0.114270;0.097658
Maxwell;2;0.508205;0.246356;0.101755
Maxwell;3;0.491671;0.507697;28.912761
Maxwell;1;3.530079;-1.582365;0.099419
Maxwell;2;0.586389;0.540998;0.103601
Maxwell;3;0.366534;0.760929;29.719828
Maxwell;1;2.194351;-2.472926;0.097261
Maxwell;2;0.497871;-0.199421;0.101357
Maxwell;3;0.633428;0.550125;28.505040
Maxwell;1;11.356959;-15.925402;0.099810
Maxwell;2;0.171746;0.791430;0.104000
Maxwell;3;0.222310;0.731640;29.275690
Maxwell;1;3.284440;-1.676554;0.097530
Maxwell;2;0.388557;0.719761;0.101635
Maxwell;3;0.374755;0.703100;29.806403
Maxwell;1;17.434539;-4.988807;0.097400
Maxwell;2;0.440110;0.508901;0.101506
Maxwell;3;0.501374;0.534071;29.252014
Maxwell;1;1.433578;-0.487334;0.099732
Maxwell;2;0.545549;0.291332;0.103949
Maxwell;3;0.521637;0.434104;29.260139
Maxwell;1;5.404717;-5.966020;0.097562
Maxwell;2;1.510160;-0.200513;0.101659
Maxwell;3;1.132782;0.299149;30.142833
Maxwell;1;18.415221;-8.034309;0.099461
Maxwell;2;0.625110;0.256063;0.103689
Maxwell;3;0.518850;0.681449;29.492568
Maxwell;1;8.541201;-3.515994;0.097968
Maxwell;2;1.059298;0.302286;0.102078
Maxwell;3;0.406920;0.482729;28.610862
Maxwell;1;0.860714;-0.137989;0.099835
Maxwell;2;0.508205;0.221269;0.104106
Maxwell;3;0.418178;0.534251;28.721005
Maxwell;1;3.530079;-1.683775;0.097245
Maxwell;2;0.586389;0.525390;0.101330
Maxwell;3;0.380378;0.710165;29.036517
Maxwell;1;2.194351;-2.465476;0.099225
Maxwell;2;0.497871;-0.260026;0.103404
Maxwell;3;0.397955;0.649475;27.882183
Maxwell;1;11.356959;-15.300633;0.097578
Maxwell;2;0.171746;0.796181;0.101651
Maxwell;3;0.208573;0.716685;28.437498
Maxwell;1;3.284440;-1.607192;0.099460
Maxwell;2;0.388557;0.698901;0.103762
Maxwell;3;0.432942;0.673995;29.004019
Maxwell;1;17.434539;-4.986691;0.097270
Maxwell;2;0.440110;0.473755;0.101301
Maxwell;3;0.420381;0.556455;29.644064
Maxwell;1;1.433578;-0.699716;0.099878
Maxwell;2;0.545549;0.277641;0.104039
Maxwell;3;0.571423;0.652097;29.546596
Maxwell;1;5.404717;-5.886286;0.097724
Maxwell;2;1.510160;-0.072159;0.101772
Maxwell;3;1.171624;0.402973;29.201846
Maxwell;1;18.415221;-8.403094;0.099753
Maxwell;2;0.625110;0.279035;0.103936
Maxwell;3;0.946142;0.472161;28.974974
Maxwell;1;8.541201;-3.338227;0.097954
Maxwell;2;1.059298;0.330476;0.102070
Maxwell;3;0.408418;0.533758;28.437579
Maxwell;1;0.860714;-0.130267;0.099579
Maxwell;2;0.508205;0.258087;0.103756
Maxwell;3;0.503133;0.578499;29.077171
Maxwell;1;3.530079;-1.729850;0.097375
Maxwell;2;0.586389;0.520328;0.101437
Maxwell;3;0.277069;0.821174;28.953894
Maxwell;1;2.194351;-2.313163;0.099481
Maxwell;2;0.497871;-0.255755;0.103713
Maxwell;3;0.575502;0.696255;29.844171
Maxwell;1;11.356959;-15.470153;0.097902
Maxwell;2;0.171746;0.771716;0.101910
Maxwell;3;0.379683;0.710145;28.488484
Maxwell;1;3.284440;-1.703926;0.099815
Maxwell;2;0.388557;0.718383;0.103988
Maxwell;3;0.632125;0.627656;28.765926
Maxwell;1;17.434539;-5.080905;0.098038
Maxwell;2;0.440110;0.518045;0.102157
Maxwell;3;0.592048;0.570062;28.556966
Maxwell;1;1.433578;-0.557404;0.099597
Maxwell;2;0.545549;0.334765;0.103816
Maxwell;3;0.541127;0.524991;28.319698
Maxwell;1;5.404717;-5.287725;0.111517
Maxwell;2;1.510160;-0.143380;0.115562
Maxwell;3;1.120117;0.103554;28.617701
Maxwell;1;18.415221;-7.495819;0.099788
Maxwell;2;0.625110;0.296648;0.103986
Maxwell;3;0.446639;0.698073;28.530412
Maxwell;1;8.541201;-3.586955;0.099625
Maxwell;2;1.059298;0.304700;0.103874
Maxwell;3;0.546875;0.492079;29.162973
Maxwell;1;0.860714;-0.131719;0.099932
Maxwell;2;0.508205;0.238490;0.104203
Maxwell;3;0.290720;0.478399;29.401221
Maxwell;1;3.530079;-1.708705;0.097379
Maxwell;2;0.586389;0.537844;0.101405
Maxwell;3;0.342163;0.808602;30.032616
Maxwell;1;2.194351;-2.353379;0.097517
Maxwell;2;0.497871;-0.239625;0.101576
Maxwell;3;0.597755;0.721536;29.615097
Maxwell;1;11.356959;-14.238680;0.099991
Maxwell;2;0.171746;0.766527;0.104164
Maxwell;3;0.412543;0.667742;28.465974
Maxwell;1;3.284440;-1.671191;0.097753
Maxwell;2;0.388557;0.749532;0.101851
Maxwell;3;0.515737;0.593538;28.381132
Maxwell;1;17.434539;-4.955543;0.099634
Maxwell;2;0.440110;0.491032;0.103895
Maxwell;3;0.386254;0.648611;29.767762
Maxwell;1;1.433578;-0.545933;0.097502
Maxwell;2;0.545549;0.322876;0.101519
Maxwell;3;0.444512;0.407316;29.381160
Maxwell;1;5.404717;-5.951510;0.099717
Maxwell;2;1.510160;-0.138891;0.103986
Maxwell;3;0.843826;0.531453;29.337614
Maxwell;1;18.415221;-7.766975;0.097353
Maxwell;2;0.625110;0.226357;0.101403
Maxwell;3;0.597878;0.630624;28.506663
Maxwell;1;8.541201;-3.491921;0.099794
Maxwell;2;1.059298;0.319286;0.104033
Maxwell;3;0.485135;0.494986;29.249812
Maxwell;1;0.860714;-0.105455;0.151891
Maxwell;2;0.508205;0.241237;0.155919
Maxwell;3;0.499121;0.457871;29.646823
Maxwell;1;3.530079;-1.759058;0.099657
Maxwell;2;0.586389;0.550319;0.103979
Maxwell;3;0.242241;0.771395;28.353948
Maxwell;1;2.194351;-2.429023;0.097555
Maxwell;2;0.497871;-0.302535;0.101623
Maxwell;3;0.395226;0.540105;29.713308
Maxwell;1;11.356959;-14.572611;0.100003
Maxwell;2;0.171746;0.787042;0.104285
Maxwell;3;0.409112;0.759470;29.382921
Maxwell;1;3.284440;-2.005590;0.097795
Maxwell;2;0.388557;0.746439;0.101905
Maxwell;3;0.394083;0.708462;28.202278
Maxwell;1;17.434539;-4.769861;0.099686
Maxwell;2;0.440110;0.465478;0.103984
Maxwell;3;0.531249;0.526291;29.089160
Maxwell;1;1.433578;-0.626728;0.097589
Maxwell;2;0.545549;0.314629;0.101733
Maxwell;3;0.522752;0.514167;29.252606
Maxwell;1;5.404717;-6.203166;0.099892
Maxwell;2;1.510160;-0.097494;0.104183
Maxwell;3;0.530750;0.371763;28.794384
Maxwell;1;18.415221;-7.521458;0.097452
Maxwell;2;0.625110;0.276581;0.101513
Maxwell;3;0.269697;0.740783;29.457957
Maxwell;1;8.541201;-3.763777;0.099695
Maxwell;2;1.059298;0.253246;0.103964
Maxwell;3;0.401811;0.527184;30.227781
Maxwell;1;0.860714;-0.130405;0.097470
Maxwell;2;0.508205;0.234734;0.101501
Maxwell;3;0.526254;0.510925;29.464379
Maxwell;1;3.530079;-1.653072;0.099647
Maxwell;2;0.586389;0.520777;0.103855
Maxwell;3;0.183793;0.838251;28.642989
Maxwell;1;2.194351;-2.558742;0.097229
Maxwell;2;0.497871;-0.310842;0.101272
Maxwell;3;0.224355;0.856714;30.574611
Maxwell;1;11.356959;-14.526548;0.130071
Maxwell;2;0.171746;0.767348;0.134200
Maxwell;3;0.192105;0.784837;28.317374
Maxwell;1;3.284440;-1.910735;0.097972
Maxwell;2;0.388557;0.736870;0.102139
Maxwell;3;0.382048;0.709092;28.690024
Maxwell;1;17.434539;-4.670825;0.099691
Maxwell;2;0.440110;0.506400;0.103933
Maxwell;3;0.517894;0.536727;29.749367
Maxwell;1;1.433578;-0.628547;0.097976
Maxwell;2;0.545549;0.348628;0.102040
Maxwell;3;0.549038;0.596752;29.645338
Maxwell;1;5.404717;-5.236825;0.099579
Maxwell;2;1.510160;-0.027062;0.103795
Maxwell;3;0.916598;0.209013;30.583874
Maxwell;1;18.415221;-7.680320;0.097519
Maxwell;2;0.625110;0.221996;0.101566
Maxwell;3;0.318188;0.702722;28.434327
Maxwell;1;8.541201;-3.368695;0.099640
Maxwell;2;1.059298;0.284259;0.103905
Maxwell;3;0.511735;0.511860;29.303685
Maxwell;1;0.860714;-0.047823;0.097330
Maxwell;2;0.508205;0.256043;0.101406
Maxwell;3;0.573321;0.444056;30.205799
Maxwell;1;3.530079;-1.766710;0.099471
Maxwell;2;0.586389;0.529247;0.103715
Maxwell;3;0.345904;0.709507;30.133361
Maxwell;1;2.194351;-2.169619;0.097380
Maxwell;2;0.497871;-0.284843;0.101452
Maxwell;3;0.367912;0.761048;29.156602
Maxwell;1;11.356959;-14.430975;0.099853
Maxwell;2;0.171746;0.796201;0.103985
Maxwell;3;0.174048;0.729483;28.552952
Maxwell;1;3.284440;-1.772530;0.097458
Maxwell;2;0.388557;0.735067;0.101567
Maxwell;3;0.515273;0.633608;28.428199
Maxwell;1;17.434539;-4.759881;0.099703
Maxwell;2;0.440110;0.509948;0.103998
Maxwell;3;0.507761;0.544103;28.536020
Maxwell;1;1.433578;-0.609157;0.097690
Maxwell;2;0.545549;0.322688;0.101810
Maxwell;3;0.467993;0.487136;29.368065
Maxwell;1;5.404717;-5.537701;0.099498
Maxwell;2;1.510160;-0.116489;0.103769
Maxwell;3;0.524158;0.446901;29.895556
Maxwell;1;18.415221;-7.957739;0.097381
Maxwell;2;0.625110;0.226827;0.101469
Maxwell;3;0.309466;0.739369;29.688639
Maxwell;1;8.541201;-3.311252;0.099625
Maxwell;2;1.059298;0.279453;0.103888
Maxwell;3;0.520136;0.507282;29.214214
Maxwell;1;0.860714;-0.133600;0.097708
Maxwell;2;0.508205;0.259634;0.101775
Maxwell;3;0.469016;0.534841;29.683299
Maxwell;1;3.530079;-1.809049;0.097838
Maxwell;2;0.586389;0.523578;0.101941
Maxwell;3;0.299066;0.738228;28.675165
Maxwell;1;2.194351;-2.393106;0.099512
Maxwell;2;0.497871;-0.217592;0.103773
Maxwell;3;0.390151;0.564791;28.913981
