dataset: Albrecht
total runtime: 4.147316

MRE
1.3959245574373793 0.5258535596925684 1.442030826996087 1.3959245574373793 0.5258535596925684 1.442030826996087 1.3959245574373793 0.5258535596925684 1.442030826996087 1.3959245574373793 0.5258535596925684 1.442030826996087 1.3959245574373793 0.5258535596925684 1.442030826996087 1.3959245574373793 0.5258535596925684 1.442030826996087 1.3959245574373793 0.5258535596925684 1.442030826996087 1.3959245574373793 0.5258535596925684 1.442030826996087 1.3959245574373793 0.5258535596925684 1.442030826996087 1.3959245574373793 0.5258535596925684 1.442030826996087 1.3959245574373793 0.5258535596925684 1.442030826996087 1.3959245574373793 0.5258535596925684 1.442030826996087 1.3959245574373793 0.5258535596925684 1.442030826996087 1.3959245574373793 0.5258535596925684 1.442030826996087 1.3959245574373793 0.5258535596925684 1.442030826996087 1.3959245574373793 0.5258535596925684 1.442030826996087 1.3959245574373793 0.5258535596925684 1.442030826996087 1.3959245574373793 0.5258535596925684 1.442030826996087 1.3959245574373793 0.5258535596925684 1.442030826996087 1.3959245574373793 0.5258535596925684 1.442030826996087

SA
0.34244358393 0.277969475337 0.420040395381 0.334868626279 0.305824345055 0.450062824718 0.339403599619 0.316017528391 0.436953277533 0.306038603334 0.291200844097 0.452558568093 0.332209697916 0.310566997127 0.437327729557 0.353074369193 0.292246317026 0.469849678595 0.346520943022 0.31415451667 0.491846496489 0.350452540931 0.333096569371 0.444233075602 0.348672102129 0.279569450119 0.447830175379 0.271944431647 0.29224002823 0.47110902445 0.339075076317 0.282726691354 0.467002788713 0.273880562401 0.324759475569 0.449035380262 0.335956816664 0.3320843783 0.447160827349 0.298236328918 0.311974408371 0.486127148827 0.339920434596 0.283696389291 0.443529732719 0.349459288865 0.311425229794 0.442272404337 0.343524367859 0.312396105499 0.454059261968 0.345963129059 0.305900966887 0.420100707035 0.363042859028 0.29939289176 0.444942176876 0.344226692383 0.331308714576 0.497705372937

########################################

dataset: Desharnais
total runtime: 2.584117

MRE
0.5421098070401453 0.368417319644223 0.5381408904278735 0.5421098070401453 0.368417319644223 0.5381408904278735 0.5421098070401453 0.368417319644223 0.5381408904278735 0.5421098070401453 0.368417319644223 0.5381408904278735 0.5421098070401453 0.368417319644223 0.5381408904278735 0.5421098070401453 0.368417319644223 0.5381408904278735 0.5421098070401453 0.368417319644223 0.5381408904278735 0.5421098070401453 0.368417319644223 0.5381408904278735 0.5421098070401453 0.368417319644223 0.5381408904278735 0.5421098070401453 0.368417319644223 0.5381408904278735 0.5421098070401453 0.368417319644223 0.5381408904278735 0.5421098070401453 0.368417319644223 0.5381408904278735 0.5421098070401453 0.368417319644223 0.5381408904278735 0.5421098070401453 0.368417319644223 0.5381408904278735 0.5421098070401453 0.368417319644223 0.5381408904278735 0.5421098070401453 0.368417319644223 0.5381408904278735 0.5421098070401453 0.368417319644223 0.5381408904278735 0.5421098070401453 0.368417319644223 0.5381408904278735 0.5421098070401453 0.368417319644223 0.5381408904278735 0.5421098070401453 0.368417319644223 0.5381408904278735

SA
0.286160433118 0.412003662732 0.366036707594 0.292804585008 0.428036077915 0.377362800441 0.268764072389 0.411953726685 0.385763862735 0.280075226725 0.39129365219 0.377221541771 0.275155314036 0.404079653618 0.382716897876 0.344579622261 0.398233802631 0.383798157465 0.297587717842 0.395648039933 0.380696683055 0.267139988341 0.39209460243 0.349807579226 0.308816473402 0.415088863476 0.404302889787 0.316731473965 0.42812501494 0.381388274772 0.277767567003 0.406025182005 0.340612230732 0.309639204229 0.411920739583 0.373248353904 0.326718868984 0.395810311126 0.345970131718 0.273450950802 0.38674600498 0.344984230095 0.28328679542 0.373668515836 0.357395550303 0.293026647975 0.433736725564 0.371080236103 0.328775393686 0.383426061345 0.363933044403 0.286801783024 0.383722464333 0.330402570803 0.293545815417 0.365416022531 0.394797257962 0.287256414609 0.41583712538 0.374526170798

########################################

dataset: Finnish
total runtime: 1.812973

MRE
0.8682842373296319 1.2085118708170905 0.4887708990942815 0.8682842373296319 1.2085118708170905 0.4887708990942815 0.8682842373296319 1.2085118708170905 0.4887708990942815 0.8682842373296319 1.2085118708170905 0.4887708990942815 0.8682842373296319 1.2085118708170905 0.4887708990942815 0.8682842373296319 1.2085118708170905 0.4887708990942815 0.8682842373296319 1.2085118708170905 0.4887708990942815 0.8682842373296319 1.2085118708170905 0.4887708990942815 0.8682842373296319 1.2085118708170905 0.4887708990942815 0.8682842373296319 1.2085118708170905 0.4887708990942815 0.8682842373296319 1.2085118708170905 0.4887708990942815 0.8682842373296319 1.2085118708170905 0.4887708990942815 0.8682842373296319 1.2085118708170905 0.4887708990942815 0.8682842373296319 1.2085118708170905 0.4887708990942815 0.8682842373296319 1.2085118708170905 0.4887708990942815 0.8682842373296319 1.2085118708170905 0.4887708990942815 0.8682842373296319 1.2085118708170905 0.4887708990942815 0.8682842373296319 1.2085118708170905 0.4887708990942815 0.8682842373296319 1.2085118708170905 0.4887708990942815 0.8682842373296319 1.2085118708170905 0.4887708990942815

SA
0.403093354915 -0.0035560162701 0.524788539456 0.395143177176 0.060530641474 0.519027677011 0.402641392272 0.0106662736682 0.514753892326 0.39049200102 0.0432132209172 0.556553047355 0.371585952532 0.0288919434988 0.51043344052 0.403819246965 0.0483150952044 0.513791535932 0.391596448803 -0.00783944270681 0.514736588138 0.419892176081 0.0611481435432 0.519292556712 0.406447562989 0.00253247542263 0.543211328616 0.401733616204 0.0240094123756 0.523047078287 0.423027299948 0.00949871529574 0.544983119403 0.392009450377 0.0200171851458 0.541055114405 0.373428746264 0.0250826335885 0.535146034283 0.351042480173 0.041526259646 0.532644708088 0.384334529532 0.0125390272417 0.52891101118 0.388509744594 0.0277517968208 0.524680943096 0.405896063921 -0.00129883878135 0.541219462078 0.408899795051 0.0525460782105 0.54598218903 0.417376584712 -0.00459631319597 0.536839360345 0.405442946782 0.0330994387188 0.521005274337

########################################

dataset: Kemerer
total runtime: 1.603227

MRE
0.7550433476112535 0.45313678746451397 1.0050466532702151 0.7550433476112535 0.45313678746451397 1.0050466532702151 0.7550433476112535 0.45313678746451397 1.0050466532702151 0.7550433476112535 0.45313678746451397 1.0050466532702151 0.7550433476112535 0.45313678746451397 1.0050466532702151 0.7550433476112535 0.45313678746451397 1.0050466532702151 0.7550433476112535 0.45313678746451397 1.0050466532702151 0.7550433476112535 0.45313678746451397 1.0050466532702151 0.7550433476112535 0.45313678746451397 1.0050466532702151 0.7550433476112535 0.45313678746451397 1.0050466532702151 0.7550433476112535 0.45313678746451397 1.0050466532702151 0.7550433476112535 0.45313678746451397 1.0050466532702151 0.7550433476112535 0.45313678746451397 1.0050466532702151 0.7550433476112535 0.45313678746451397 1.0050466532702151 0.7550433476112535 0.45313678746451397 1.0050466532702151 0.7550433476112535 0.45313678746451397 1.0050466532702151 0.7550433476112535 0.45313678746451397 1.0050466532702151 0.7550433476112535 0.45313678746451397 1.0050466532702151 0.7550433476112535 0.45313678746451397 1.0050466532702151 0.7550433476112535 0.45313678746451397 1.0050466532702151

SA
0.214001682011 0.520158206759 0.274446575482 0.238081101946 0.504395248243 0.293457507076 0.178290057486 0.50607730803 0.336899058704 0.154422771464 0.523762863791 0.328024298901 0.166196305047 0.52189309728 0.27590106625 0.142301439853 0.490986364001 0.295658278012 0.227226390895 0.492165658981 0.275231627932 0.240796209266 0.501450755989 0.292623412106 0.199396793718 0.512977670425 0.271260583223 0.194578221485 0.540313090346 0.295972802869 0.248600493044 0.526360390337 0.275250761918 0.244186189099 0.514854784289 0.284831792031 0.21152249847 0.531258435397 0.271976264288 0.221104421404 0.511940200044 0.297126428993 0.140478759856 0.526027017924 0.314547946182 0.164182562782 0.516346127787 0.26373097837 0.181745367392 0.515854606136 0.29850399252 0.225417431683 0.49438746757 0.254373558434 0.158449127028 0.542046929052 0.312164412396 0.159018482228 0.534297246939 0.321505508612

########################################

dataset: Maxwell
total runtime: 4.404260

MRE
2.8219048019302413 3.2916368311930575 1.0806537748611735 2.8219048019302413 3.2916368311930575 1.0806537748611735 2.8219048019302413 3.2916368311930575 1.0806537748611735 2.8219048019302413 3.2916368311930575 1.0806537748611735 2.8219048019302413 3.2916368311930575 1.0806537748611735 2.8219048019302413 3.2916368311930575 1.0806537748611735 2.8219048019302413 3.2916368311930575 1.0806537748611735 2.8219048019302413 3.2916368311930575 1.0806537748611735 2.8219048019302413 3.2916368311930575 1.0806537748611735 2.8219048019302413 3.2916368311930575 1.0806537748611735 2.8219048019302413 3.2916368311930575 1.0806537748611735 2.8219048019302413 3.2916368311930575 1.0806537748611735 2.8219048019302413 3.2916368311930575 1.0806537748611735 2.8219048019302413 3.2916368311930575 1.0806537748611735 2.8219048019302413 3.2916368311930575 1.0806537748611735 2.8219048019302413 3.2916368311930575 1.0806537748611735 2.8219048019302413 3.2916368311930575 1.0806537748611735 2.8219048019302413 3.2916368311930575 1.0806537748611735 2.8219048019302413 3.2916368311930575 1.0806537748611735 2.8219048019302413 3.2916368311930575 1.0806537748611735

SA
-1.08784393684 -1.17983917134 -0.0815579074103 -0.992667451557 -1.19837784401 -0.129706834791 -1.15356416224 -1.17438864619 -0.193780617392 -0.953360999872 -1.30824697631 -0.129204719641 -1.10687107498 -1.32591151631 -0.0991548541475 -0.995825814606 -1.21281651458 -0.146235629042 -1.07138725803 -1.07900052136 -0.193205746222 -1.07636977199 -1.22362167041 -0.117839286532 -1.0243703333 -1.21177728912 -0.26303437277 -0.996967521953 -1.40156947968 -0.103843396922 -1.10650391026 -1.3335749725 -0.146853808113 -0.853794490034 -1.24024949364 -0.205330479726 -1.07178415232 -1.21330192917 -0.188887974647 -1.15707147414 -1.10119534283 -0.197082527396 -1.18771641205 -1.27772109979 -0.230129455149 -1.09488440028 -1.18430511268 -0.172570218213 -0.945371922101 -1.14368681844 -0.161464021185 -1.1042748097 -1.18691264069 -0.080708282167 -0.88596799351 -1.37957861313 -0.179218700863 -0.852178822969 -1.22763501875 -0.14778580228

########################################

dataset: Miyazaki
total runtime: 2.395139

MRE
0.5770161495378123 0.3675030242809608 0.247536788769079 0.5770161495378123 0.3675030242809608 0.247536788769079 0.5770161495378123 0.3675030242809608 0.247536788769079 0.5770161495378123 0.3675030242809608 0.247536788769079 0.5770161495378123 0.3675030242809608 0.247536788769079 0.5770161495378123 0.3675030242809608 0.247536788769079 0.5770161495378123 0.3675030242809608 0.247536788769079 0.5770161495378123 0.3675030242809608 0.247536788769079 0.5770161495378123 0.3675030242809608 0.247536788769079 0.5770161495378123 0.3675030242809608 0.247536788769079 0.5770161495378123 0.3675030242809608 0.247536788769079 0.5770161495378123 0.3675030242809608 0.247536788769079 0.5770161495378123 0.3675030242809608 0.247536788769079 0.5770161495378123 0.3675030242809608 0.247536788769079 0.5770161495378123 0.3675030242809608 0.247536788769079 0.5770161495378123 0.3675030242809608 0.247536788769079 0.5770161495378123 0.3675030242809608 0.247536788769079 0.5770161495378123 0.3675030242809608 0.247536788769079 0.5770161495378123 0.3675030242809608 0.247536788769079 0.5770161495378123 0.3675030242809608 0.247536788769079

SA
0.417377663643 0.489771598007 0.553626932434 0.451653978168 0.487154853863 0.544244343308 0.420531044088 0.466187757991 0.539439778351 0.421700178425 0.515666726677 0.551743717962 0.395529939729 0.508182590679 0.546423992591 0.38799362406 0.469018734443 0.506367966176 0.424009745947 0.492177749024 0.506051392842 0.389599821305 0.478500928112 0.548309915677 0.383623286717 0.457348332869 0.515082851918 0.389025191812 0.499926995724 0.543951142964 0.433970575888 0.473846992777 0.555214601178 0.454801666899 0.471429084311 0.532713370902 0.442203663757 0.462612603466 0.543140549188 0.448770870435 0.504736867284 0.533715734899 0.398631824161 0.479431821325 0.526652804925 0.459019396314 0.472453918232 0.546240916351 0.428486516828 0.50891140203 0.536569864892 0.430527043681 0.454463571502 0.524898896332 0.401733551499 0.507269285637 0.528315861388 0.358879320834 0.49236177433 0.50711342916

########################################

dataset: China
total runtime: 2.391576

MRE
0.37983217654853507 0.34017578459954595 0.4005991997565135 0.37983217654853507 0.34017578459954595 0.4005991997565135 0.37983217654853507 0.34017578459954595 0.4005991997565135 0.37983217654853507 0.34017578459954595 0.4005991997565135 0.37983217654853507 0.34017578459954595 0.4005991997565135 0.37983217654853507 0.34017578459954595 0.4005991997565135 0.37983217654853507 0.34017578459954595 0.4005991997565135 0.37983217654853507 0.34017578459954595 0.4005991997565135 0.37983217654853507 0.34017578459954595 0.4005991997565135 0.37983217654853507 0.34017578459954595 0.4005991997565135 0.37983217654853507 0.34017578459954595 0.4005991997565135 0.37983217654853507 0.34017578459954595 0.4005991997565135 0.37983217654853507 0.34017578459954595 0.4005991997565135 0.37983217654853507 0.34017578459954595 0.4005991997565135 0.37983217654853507 0.34017578459954595 0.4005991997565135 0.37983217654853507 0.34017578459954595 0.4005991997565135 0.37983217654853507 0.34017578459954595 0.4005991997565135 0.37983217654853507 0.34017578459954595 0.4005991997565135 0.37983217654853507 0.34017578459954595 0.4005991997565135 0.37983217654853507 0.34017578459954595 0.4005991997565135

SA
0.137400052381 0.106232202194 0.154041242557 0.170486077769 0.138068258316 0.17147171146 0.0280173944965 0.0544945583268 0.15758576249 0.0852792096243 0.0900497768855 0.173741651976 0.156622335336 0.135788015614 0.109056729605 0.100230069497 0.11590763167 0.177123336893 0.153083687792 0.0558608956703 0.165741916933 0.141070690456 0.117102351086 0.146861960315 0.150708045963 0.140336499742 0.116883464045 0.176129029621 0.123027838663 0.145653549494 0.154266531803 0.0963426553303 0.152853098234 0.126197455658 0.0758921355075 0.0997483670788 0.150708045963 0.108670859214 0.118174570092 0.170486077769 0.0653157937108 0.143226428896 0.11599246244 0.0862318039214 0.123301462126 0.183901397266 0.0653157937108 0.112987361681 0.114700053759 0.112303994299 0.0984026994661 0.165915753129 0.111096244631 0.0819351688627 0.148319039059 0.138068258316 0.0691842684303 0.083895365766 0.0476031192475 0.115588571764

########################################

dataset: ISBSG10
total runtime: 2.983449

MRE
2.171085881109609 0.9341467231075634 1.268638152524952 2.171085881109609 0.9341467231075634 1.268638152524952 2.171085881109609 0.9341467231075634 1.268638152524952 2.171085881109609 0.9341467231075634 1.268638152524952 2.171085881109609 0.9341467231075634 1.268638152524952 2.171085881109609 0.9341467231075634 1.268638152524952 2.171085881109609 0.9341467231075634 1.268638152524952 2.171085881109609 0.9341467231075634 1.268638152524952 2.171085881109609 0.9341467231075634 1.268638152524952 2.171085881109609 0.9341467231075634 1.268638152524952 2.171085881109609 0.9341467231075634 1.268638152524952 2.171085881109609 0.9341467231075634 1.268638152524952 2.171085881109609 0.9341467231075634 1.268638152524952 2.171085881109609 0.9341467231075634 1.268638152524952 2.171085881109609 0.9341467231075634 1.268638152524952 2.171085881109609 0.9341467231075634 1.268638152524952 2.171085881109609 0.9341467231075634 1.268638152524952 2.171085881109609 0.9341467231075634 1.268638152524952 2.171085881109609 0.9341467231075634 1.268638152524952 2.171085881109609 0.9341467231075634 1.268638152524952

SA
0.449478400755 0.29694084709 0.234290589403 0.447736909197 0.309581490692 0.211093122552 0.440801713801 0.27528825303 0.185110553717 0.462599418559 0.292882835873 0.206467622703 0.449716878113 0.271115950199 0.238814524993 0.457276307821 0.2877027243 0.263244340901 0.458228084309 0.321408560846 0.237178490309 0.457029654957 0.325664303053 0.225567743962 0.447659195592 0.331966385632 0.240590764157 0.481158727734 0.29710538642 0.223872294523 0.459111548499 0.248041903954 0.250016702586 0.451365287791 0.287568193436 0.21476765216 0.466237092408 0.300816631845 0.247793065988 0.468452193035 0.290855697864 0.20959209131 0.407164807656 0.287974829267 0.214874337747 0.462016290689 0.331336360549 0.187358824777 0.484589669836 0.345032180011 0.213884426335 0.484445299496 0.305727478032 0.286510783459 0.46013066826 0.279772131367 0.246287443752 0.47645862889 0.316023455365 0.234982500329

########################################

dataset: Kitchenhamm
total runtime: 2.071107

MRE
1.0571903877854838 1.7147923468063933 0.631454763188809 1.0571903877854838 1.7147923468063933 0.631454763188809 1.0571903877854838 1.7147923468063933 0.631454763188809 1.0571903877854838 1.7147923468063933 0.631454763188809 1.0571903877854838 1.7147923468063933 0.631454763188809 1.0571903877854838 1.7147923468063933 0.631454763188809 1.0571903877854838 1.7147923468063933 0.631454763188809 1.0571903877854838 1.7147923468063933 0.631454763188809 1.0571903877854838 1.7147923468063933 0.631454763188809 1.0571903877854838 1.7147923468063933 0.631454763188809 1.0571903877854838 1.7147923468063933 0.631454763188809 1.0571903877854838 1.7147923468063933 0.631454763188809 1.0571903877854838 1.7147923468063933 0.631454763188809 1.0571903877854838 1.7147923468063933 0.631454763188809 1.0571903877854838 1.7147923468063933 0.631454763188809 1.0571903877854838 1.7147923468063933 0.631454763188809 1.0571903877854838 1.7147923468063933 0.631454763188809 1.0571903877854838 1.7147923468063933 0.631454763188809 1.0571903877854838 1.7147923468063933 0.631454763188809 1.0571903877854838 1.7147923468063933 0.631454763188809

SA
-0.121699984418 -0.256016617712 0.270830128222 -0.232261837539 -0.200057374112 0.3710553024 -0.120727995951 -0.0215975855219 0.211161134707 -0.178728845734 0.0718177575853 0.360237055388 -0.0327444608375 -0.184931569342 0.32707836834 -0.0852403197192 -0.0907552443281 0.258043427121 -0.168226691635 -0.236722345804 0.221853820981 -0.0890970200781 0.0780368106338 0.189768608072 -0.306252357583 -0.265997601591 0.277975029995 -0.102980565983 -0.115113034875 0.315666757848 -0.385583274624 -0.0187672904018 0.194306627891 -0.157233450833 -0.109228886492 0.171898359256 -0.176949743732 0.0251316830841 0.169617190073 -0.462329919517 -0.0504340483406 0.252471411047 -0.091916117392 -0.402791690141 -0.0625355420677 -0.247025816279 0.0292626583761 0.157208016557 -0.0878322203224 0.0620819705225 0.307315973154 -0.2186321695 0.0537140062622 0.0452383573707 0.0640894185662 0.041628046921 0.280557357043 -0.205928426353 -0.17927411134 0.239525847738
